id;fecha;tipo;variedad;anada;estadistico;frutal_olfativa;floral_olfativa;especiada_olfativa;vegetal_olfativa;fruta_roja_olfativa;fruta_negra_olfativa;fruta_hueso_olfativa;fruta_blanca_olfativa;fruta_tropical_olfativa;citricos_olfativa;fruta_pasa_olfativa;compota_olfativa;balsamico_olfativa;limpidez_visual;matiz_visual;intensidad_visual;frutal_gustativa;vegetal_gustativa;persistencia_aromatica_gustativa;dulzor_gustativa;acidez_gustativa;amargor_gustativa;salinidad_gustativa;tanicidad_gustativa;equilibrio_cuerpo_gustativa
1;03/03/2026;TINTO;CENCIBEL;2021;mediana;2;1;1;1;3;3;2;3;1;1;1;1;1;2;1;1;1;1;1;6;6;4;4;5;5
2;03/03/2026;TINTO;CENCIBEL;2021;minimo;1;1;1;1;3;2;1;2;1;1;1;1;1;1;1;1;1;1;1;5;5;3;3;4;4
3;03/03/2026;TINTO;CENCIBEL;2021;maximo;3;1;2;2;4;3;3;5;2;1;1;1;1;3;1;1;2;1;1;6;7;5;5;5;5
4;03/03/2026;TINTO;CENCIBEL;2021;media;2;1;1,29;1,43;3,14;2,86;2,14;3,29;1,14;1;1;1;1;1,86;1;1;1,14;1;1;5,71;5,86;4,29;4,14;4,71;4,71
5;03/03/2026;TINTO;CENCIBEL;2021;desvest;0,82;0;0,49;0,53;0,38;0,38;0,9;0,95;0,38;0;0;0;0;0,9;0;0;0,38;0;0;0,49;0,69;0,76;0,69;0,49;0,49
6;03/03/2026;TINTO;CENCIBEL;2021;c_v;40,82;0;37,95;37,42;12,03;13,23;41,99;28,95;33,07;0;0;0;0;48,45;0;0;33,07;0;0;8,54;11,78;17,64;16,66;10,35;10,35
7;03/03/2026;TINTO;CENCIBEL;2021;cuartil_1;1,5;1;1;1;3;3;1,5;3;1;1;1;1;1;1;1;1;1;1;1;5,5;5,5;4;4;4,5;4,5
8;03/03/2026;TINTO;CENCIBEL;2021;cuartil_3;2,5;1;1,5;2;3;3;3;3,5;1;1;1;1;1;2,5;1;1;1;1;1;6;6;5;4,5;5;5
9;03/03/2026;TINTO;CENCIBEL;2021;iqr;1;0;0,5;1;0;0;1,5;0,5;0;0;0;0;0;1,5;0;0;0;0;0;0,5;0,5;1;0,5;0,5;0,5
10;03/03/2026;TINTO;CENCIBEL;2021;num_catadores;7;7;7;7;7;7;7;7;7;7;7;7;7;7;7;7;7;7;7;7;7;7;7;7;7
11;03/03/2026;TINTO;CENCIBEL;2021;raiz_datos;2,65;2,65;2,65;2,65;2,65;2,65;2,65;2,65;2,65;2,65;2,65;2,65;2,65;2,65;2,65;2,65;2,65;2,65;2,65;2,65;2,65;2,65;2,65;2,65;2,65
12;03/03/2026;TINTO;CENCIBEL;2021;desv_tipo_solida;0,35;0;0,17;0,35;0;0;0,52;0,17;0;0;0;0;0;0,52;0;0;0;0;0;0,17;0,17;0,35;0,17;0,17;0,17
13;03/03/2026;TINTO;CENCIBEL;2021;coef_var_robusto;17,5;-999;-999;-999;0;0;26,25;5,83;-999;-999;-999;-999;-999;26,25;-999;-999;-999;-999;-999;2,92;2,92;8,75;4,37;3,5;3,5
14;03/03/2026;TINTO;CENCIBEL;2021;incertidumbre;0,78;0,39;0,39;0,39;1,18;1,18;0,78;1,18;0,39;0,39;0,39;0,39;0,39;0,78;0,39;0,39;0,39;0,39;0,39;2,35;2,35;1,57;1,57;1,96;1,96
15;03/03/2026;TINTO;TEMPRANILLO;2024;mediana;4;1;1;1;1;1;1;1;1;1;1;1;1;1;1;1;1;1;1;6;2;4;4;5;5
16;03/03/2026;TINTO;TEMPRANILLO;2024;minimo;4;1;1;1;1;1;1;1;1;1;1;1;1;1;1;1;1;1;1;4;2;4;4;4;4
17;03/03/2026;TINTO;TEMPRANILLO;2024;maximo;6;2;2;1;1;1;1;1;1;2;1;1;1;1;1;1;1;1;1;6;3;6;6;5;6
18;03/03/2026;TINTO;TEMPRANILLO;2024;media;4,57;1,14;1,14;1;1;1;1;1;1;1,14;1;1;1;1;1;1;1;1;1;5,71;2,43;4,57;4,57;4,71;5,14
19;03/03/2026;TINTO;TEMPRANILLO;2024;desvest;0,79;0,38;0,38;0;0;0;0;0;0;0,38;0;0;0;0;0;0;0;0;0;0,76;0,53;0,79;0,79;0,49;0,69
20;03/03/2026;TINTO;TEMPRANILLO;2024;c_v;17,21;33,07;33,07;0;0;0;0;0;0;33,07;0;0;0;0;0;0;0;0;0;13,23;22,01;17,21;17,21;10,35;13,42
21;03/03/2026;TINTO;TEMPRANILLO;2024;cuartil_1;4;1;1;1;1;1;1;1;1;1;1;1;1;1;1;1;1;1;1;6;2;4;4;4,5;5
22;03/03/2026;TINTO;TEMPRANILLO;2024;cuartil_3;5;1;1;1;1;1;1;1;1;1;1;1;1;1;1;1;1;1;1;6;3;5;5;5;5,5
23;03/03/2026;TINTO;TEMPRANILLO;2024;iqr;1;0;0;0;0;0;0;0;0;0;0;0;0;0;0;0;0;0;0;0;1;1;1;0,5;0,5
24;03/03/2026;TINTO;TEMPRANILLO;2024;num_catadores;7;7;7;7;7;7;7;7;7;7;7;7;7;7;7;7;7;7;7;7;7;7;7;7;7
25;03/03/2026;TINTO;TEMPRANILLO;2024;raiz_datos;2,65;2,65;2,65;2,65;2,65;2,65;2,65;2,65;2,65;2,65;2,65;2,65;2,65;2,65;2,65;2,65;2,65;2,65;2,65;2,65;2,65;2,65;2,65;2,65;2,65
26;03/03/2026;TINTO;TEMPRANILLO;2024;desv_tipo_solida;0,35;0;0;0;0;0;0;0;0;0;0;0;0;0;0;0;0;0;0;0;0,35;0,35;0,35;0,17;0,17
27;03/03/2026;TINTO;TEMPRANILLO;2024;coef_var_robusto;8,75;-999;-999;-999;-999;-999;-999;-999;-999;-999;-999;-999;-999;-999;-999;-999;-999;-999;-999;0;17,5;8,75;8,75;3,5;3,5
28;03/03/2026;TINTO;TEMPRANILLO;2024;incertidumbre;1,57;0,39;0,39;0,39;0,39;0,39;0,39;0,39;0,39;0,39;0,39;0,39;0,39;0,39;0,39;0,39;0,39;0,39;0,39;2,35;0,78;1,57;1,57;1,96;1,96
29;03/03/2026;TINTO;80%TEMPRANILLO, 20% PINOT NOIR ;2022;mediana;2;1;1;1;2;2;2;1;1;1;1;1;1;1;1;1;1;1;1;6;4;5;4;4;5
30;03/03/2026;TINTO;80%TEMPRANILLO, 20% PINOT NOIR ;2022;minimo;2;1;1;1;1;1;1;1;1;1;1;1;1;1;1;1;1;1;1;5;2;5;4;2;2
31;03/03/2026;TINTO;80%TEMPRANILLO, 20% PINOT NOIR ;2022;maximo;4;1;3;2;3;3;3;3;2;1;1;1;1;2;2;1;1;4;1;6;6;6;6;5;5
32;03/03/2026;TINTO;80%TEMPRANILLO, 20% PINOT NOIR ;2022;media;2,57;1;1,43;1,29;2,14;2,14;2;1,71;1,14;1;1;1;1;1,14;1,14;1;1;1,43;1;5,86;4;5,14;4,57;4;4,29
33;03/03/2026;TINTO;80%TEMPRANILLO, 20% PINOT NOIR ;2022;desvest;0,79;0;0,79;0,49;0,9;0,9;0,82;0,95;0,38;0;0;0;0;0,38;0,38;0;0;1,13;0;0,38;1,29;0,38;0,79;1;1,11
34;03/03/2026;TINTO;80%TEMPRANILLO, 20% PINOT NOIR ;2022;c_v;30,6;0;55,08;37,95;41,99;41,99;40,82;55,49;33,07;0;0;0;0;33,07;33,07;0;0;79,37;0;6,45;32,27;7,35;17,21;25;25,96
35;03/03/2026;TINTO;80%TEMPRANILLO, 20% PINOT NOIR ;2022;cuartil_1;2;1;1;1;1,5;1,5;1,5;1;1;1;1;1;1;1;1;1;1;1;1;6;3,5;5;4;4;4
36;03/03/2026;TINTO;80%TEMPRANILLO, 20% PINOT NOIR ;2022;cuartil_3;3;1;1,5;1,5;3;3;2,5;2,5;1;1;1;1;1;1;1;1;1;1;1;6;4,5;5;5;4,5;5
37;03/03/2026;TINTO;80%TEMPRANILLO, 20% PINOT NOIR ;2022;iqr;1;0;0,5;0,5;1,5;1,5;1;1,5;0;0;0;0;0;0;0;0;0;0;0;0;1;0;1;0,5;1
38;03/03/2026;TINTO;80%TEMPRANILLO, 20% PINOT NOIR ;2022;num_catadores;7;7;7;7;7;7;7;7;7;7;7;7;7;7;7;7;7;7;7;7;7;7;7;7;7
39;03/03/2026;TINTO;80%TEMPRANILLO, 20% PINOT NOIR ;2022;raiz_datos;2,65;2,65;2,65;2,65;2,65;2,65;2,65;2,65;2,65;2,65;2,65;2,65;2,65;2,65;2,65;2,65;2,65;2,65;2,65;2,65;2,65;2,65;2,65;2,65;2,65
40;03/03/2026;TINTO;80%TEMPRANILLO, 20% PINOT NOIR ;2022;desv_tipo_solida;0,35;0;0,17;0,17;0,52;0,52;0,35;0,52;0;0;0;0;0;0;0;0;0;0;0;0;0,35;0;0,35;0,17;0,35
41;03/03/2026;TINTO;80%TEMPRANILLO, 20% PINOT NOIR ;2022;coef_var_robusto;17,5;-999;-999;-999;26,25;26,25;17,5;-999;-999;-999;-999;-999;-999;-999;-999;-999;-999;-999;-999;0;8,75;0;8,75;4,37;7
42;03/03/2026;TINTO;80%TEMPRANILLO, 20% PINOT NOIR ;2022;incertidumbre;0,78;0,39;0,39;0,39;0,78;0,78;0,78;0,39;0,39;0,39;0,39;0,39;0,39;0,39;0,39;0,39;0,39;0,39;0,39;2,35;1,57;1,96;1,57;1,57;1,96
43;03/03/2026;TINTO;CABERNET SAUVIGNON, TEMPRANILLO ;2021;mediana;1;1;1;1;1;1;1;1;1;1;1;1;1;1;1;1;3;1;1;5;6;5;4;4;1
44;03/03/2026;TINTO;CABERNET SAUVIGNON, TEMPRANILLO ;2021;minimo;1;1;1;1;1;1;1;1;1;1;1;1;1;1;1;1;2;1;1;4;4;5;2;2;1
45;03/03/2026;TINTO;CABERNET SAUVIGNON, TEMPRANILLO ;2021;maximo;2;1;1;1;3;3;2;2;2;1;1;1;1;2;1;1;5;1;1;6;7;6;7;5;4
46;03/03/2026;TINTO;CABERNET SAUVIGNON, TEMPRANILLO ;2021;media;1,29;1;1;1;1,43;1,43;1,29;1,29;1,14;1;1;1;1;1,29;1;1;3,43;1;1;5;5,71;5,29;4,14;3,43;1,71
47;03/03/2026;TINTO;CABERNET SAUVIGNON, TEMPRANILLO ;2021;desvest;0,49;0;0;0;0,79;0,79;0,49;0,49;0,38;0;0;0;0;0,49;0;0;0,98;0;0;0,82;1,11;0,49;1,57;1,13;1,11
48;03/03/2026;TINTO;CABERNET SAUVIGNON, TEMPRANILLO ;2021;c_v;37,95;0;0;0;55,08;55,08;37,95;37,95;33,07;0;0;0;0;37,95;0;0;28,46;0;0;16,33;19,47;9,23;37,98;33,07;64,91
49;03/03/2026;TINTO;CABERNET SAUVIGNON, TEMPRANILLO ;2021;cuartil_1;1;1;1;1;1;1;1;1;1;1;1;1;1;1;1;1;3;1;1;4,5;5;5;3,5;2,5;1
50;03/03/2026;TINTO;CABERNET SAUVIGNON, TEMPRANILLO ;2021;cuartil_3;1,5;1;1;1;1,5;1,5;1,5;1,5;1;1;1;1;1;1,5;1;1;4;1;1;5,5;6,5;5,5;4,5;4;2
51;03/03/2026;TINTO;CABERNET SAUVIGNON, TEMPRANILLO ;2021;iqr;0,5;0;0;0;0,5;0,5;0,5;0,5;0;0;0;0;0;0,5;0;0;1;0;0;1;1,5;0,5;1;1,5;1
52;03/03/2026;TINTO;CABERNET SAUVIGNON, TEMPRANILLO ;2021;num_catadores;7;7;7;7;7;7;7;7;7;7;7;7;7;7;7;7;7;7;7;7;7;7;7;7;7
53;03/03/2026;TINTO;CABERNET SAUVIGNON, TEMPRANILLO ;2021;raiz_datos;2,65;2,65;2,65;2,65;2,65;2,65;2,65;2,65;2,65;2,65;2,65;2,65;2,65;2,65;2,65;2,65;2,65;2,65;2,65;2,65;2,65;2,65;2,65;2,65;2,65
54;03/03/2026;TINTO;CABERNET SAUVIGNON, TEMPRANILLO ;2021;desv_tipo_solida;0,17;0;0;0;0,17;0,17;0,17;0,17;0;0;0;0;0;0,17;0;0;0,35;0;0;0,35;0,52;0,17;0,35;0,52;0,35
55;03/03/2026;TINTO;CABERNET SAUVIGNON, TEMPRANILLO ;2021;coef_var_robusto;-999;-999;-999;-999;-999;-999;-999;-999;-999;-999;-999;-999;-999;-999;-999;-999;11,67;-999;-999;7;8,75;3,5;8,75;13,12;-999
56;03/03/2026;TINTO;CABERNET SAUVIGNON, TEMPRANILLO ;2021;incertidumbre;0,39;0,39;0,39;0,39;0,39;0,39;0,39;0,39;0,39;0,39;0,39;0,39;0,39;0,39;0,39;0,39;1,18;0,39;0,39;1,96;2,35;1,96;1,57;1,57;0,39
57;03/03/2026;TINTO;TEMPRANILLO ;2017;mediana;1;1;2;1;4;4;3;3;1;1;1;1;1;1;1;1;1;1;1;6;6;4;4;5;5
58;03/03/2026;TINTO;TEMPRANILLO ;2017;minimo;1;1;1;1;3;2;2;2;1;1;1;1;1;1;1;1;1;1;1;5;5;3;4;4;4
59;03/03/2026;TINTO;TEMPRANILLO ;2017;maximo;3;1;3;2;4;4;4;4;2;1;1;1;1;1;1;1;1;1;2;6;6;5;5;5;6
60;03/03/2026;TINTO;TEMPRANILLO ;2017;media;1,57;1;1,71;1,14;3,57;3,43;2,86;2,86;1,29;1;1;1;1;1;1;1;1;1;1,14;5,86;5,86;3,86;4,14;4,71;5
61;03/03/2026;TINTO;TEMPRANILLO ;2017;desvest;0,79;0;0,76;0,38;0,53;0,79;0,69;0,69;0,49;0;0;0;0;0;0;0;0;0;0,38;0,38;0,38;0,69;0,38;0,49;0,58
62;03/03/2026;TINTO;TEMPRANILLO ;2017;c_v;50,07;0;44,1;33,07;14,97;22,95;24,15;24,15;37,95;0;0;0;0;0;0;0;0;0;33,07;6,45;6,45;17,89;9,12;10,35;11,55
63;03/03/2026;TINTO;TEMPRANILLO ;2017;cuartil_1;1;1;1;1;3;3;2,5;2,5;1;1;1;1;1;1;1;1;1;1;1;6;6;3,5;4;4,5;5
64;03/03/2026;TINTO;TEMPRANILLO ;2017;cuartil_3;2;1;2;1;4;4;3;3;1,5;1;1;1;1;1;1;1;1;1;1;6;6;4;4;5;5
65;03/03/2026;TINTO;TEMPRANILLO ;2017;iqr;1;0;1;0;1;1;0,5;0,5;0,5;0;0;0;0;0;0;0;0;0;0;0;0;0,5;0;0,5;0
66;03/03/2026;TINTO;TEMPRANILLO ;2017;num_catadores;7;7;7;7;7;7;7;7;7;7;7;7;7;7;7;7;7;7;7;7;7;7;7;7;7
67;03/03/2026;TINTO;TEMPRANILLO ;2017;raiz_datos;2,65;2,65;2,65;2,65;2,65;2,65;2,65;2,65;2,65;2,65;2,65;2,65;2,65;2,65;2,65;2,65;2,65;2,65;2,65;2,65;2,65;2,65;2,65;2,65;2,65
68;03/03/2026;TINTO;TEMPRANILLO ;2017;desv_tipo_solida;0,35;0;0,35;0;0,35;0,35;0,17;0,17;0,17;0;0;0;0;0;0;0;0;0;0;0;0;0,17;0;0,17;0
69;03/03/2026;TINTO;TEMPRANILLO ;2017;coef_var_robusto;-999;-999;17,5;-999;8,75;8,75;5,83;5,83;-999;-999;-999;-999;-999;-999;-999;-999;-999;-999;-999;0;0;4,37;0;3,5;0
70;03/03/2026;TINTO;TEMPRANILLO ;2017;incertidumbre;0,39;0,39;0,78;0,39;1,57;1,57;1,18;1,18;0,39;0,39;0,39;0,39;0,39;0,39;0,39;0,39;0,39;0,39;0,39;2,35;2,35;1,57;1,57;1,96;1,96
71;03/03/2026;TINTO;TEMPRANILLO ;2024;mediana;5;1;1;1;1;1;1;1;1;1;1;1;1;1;1;1;1;1;1;6;2;5;4;5;5
72;03/03/2026;TINTO;TEMPRANILLO ;2024;minimo;4;1;1;1;1;1;1;1;1;1;1;1;1;1;1;1;1;1;1;5;2;4;4;4;4
73;03/03/2026;TINTO;TEMPRANILLO ;2024;maximo;5;2;1;1;1;1;1;1;1;2;1;1;1;1;1;1;1;1;1;6;3;6;6;6;6
74;03/03/2026;TINTO;TEMPRANILLO ;2024;media;4,57;1,29;1;1;1;1;1;1;1;1,29;1;1;1;1;1;1;1;1;1;5,71;2,43;4,86;4,57;5;5
75;03/03/2026;TINTO;TEMPRANILLO ;2024;desvest;0,53;0,49;0;0;0;0;0;0;0;0,49;0;0;0;0;0;0;0;0;0;0,49;0,53;0,69;0,79;0,58;0,58
76;03/03/2026;TINTO;TEMPRANILLO ;2024;c_v;11,69;37,95;0;0;0;0;0;0;0;37,95;0;0;0;0;0;0;0;0;0;8,54;22,01;14,21;17,21;11,55;11,55
77;03/03/2026;TINTO;TEMPRANILLO ;2024;cuartil_1;4;1;1;1;1;1;1;1;1;1;1;1;1;1;1;1;1;1;1;5,5;2;4,5;4;5;5
78;03/03/2026;TINTO;TEMPRANILLO ;2024;cuartil_3;5;1,5;1;1;1;1;1;1;1;1,5;1;1;1;1;1;1;1;1;1;6;3;5;5;5;5
79;03/03/2026;TINTO;TEMPRANILLO ;2024;iqr;1;0,5;0;0;0;0;0;0;0;0,5;0;0;0;0;0;0;0;0;0;0,5;1;0,5;1;0;0
80;03/03/2026;TINTO;TEMPRANILLO ;2024;num_catadores;7;7;7;7;7;7;7;7;7;7;7;7;7;7;7;7;7;7;7;7;7;7;7;7;7
81;03/03/2026;TINTO;TEMPRANILLO ;2024;raiz_datos;2,65;2,65;2,65;2,65;2,65;2,65;2,65;2,65;2,65;2,65;2,65;2,65;2,65;2,65;2,65;2,65;2,65;2,65;2,65;2,65;2,65;2,65;2,65;2,65;2,65
82;03/03/2026;TINTO;TEMPRANILLO ;2024;desv_tipo_solida;0,35;0,17;0;0;0;0;0;0;0;0,17;0;0;0;0;0;0;0;0;0;0,17;0,35;0,17;0,35;0;0
83;03/03/2026;TINTO;TEMPRANILLO ;2024;coef_var_robusto;7;-999;-999;-999;-999;-999;-999;-999;-999;-999;-999;-999;-999;-999;-999;-999;-999;-999;-999;2,92;17,5;3,5;8,75;0;0
84;03/03/2026;TINTO;TEMPRANILLO ;2024;incertidumbre;1,96;0,39;0,39;0,39;0,39;0,39;0,39;0,39;0,39;0,39;0,39;0,39;0,39;0,39;0,39;0,39;0,39;0,39;0,39;2,35;0,78;1,96;1,57;1,96;1,96
85;03/03/2026;TINTO;TEMPRANILLO ;2021;mediana;2;1;1;1;3;3;3;3;1;1;1;1;1;1;1;1;1;1;1;6;5;5;4;5;5
86;03/03/2026;TINTO;TEMPRANILLO ;2021;minimo;1;1;1;1;3;2;1;2;1;1;1;1;1;1;1;1;1;1;1;5;5;4;4;4;4
87;03/03/2026;TINTO;TEMPRANILLO ;2021;maximo;3;1;3;3;5;5;4;4;3;1;1;1;1;2;1;1;1;1;1;6;6;5;5;6;6
88;03/03/2026;TINTO;TEMPRANILLO ;2021;media;1,86;1;1,43;1,57;3,57;3,14;2,57;3,14;1,29;1;1;1;1;1,14;1;1;1;1;1;5,86;5,14;4,86;4,29;5,14;5,29
89;03/03/2026;TINTO;TEMPRANILLO ;2021;desvest;0,9;0;0,79;0,79;0,98;0,9;0,98;0,69;0,76;0;0;0;0;0,38;0;0;0;0;0;0,38;0,38;0,38;0,49;0,69;0,76
90;03/03/2026;TINTO;TEMPRANILLO ;2021;c_v;48,45;0;55,08;50,07;27,33;28,63;37,95;21,96;58,79;0;0;0;0;33,07;0;0;0;0;0;6,45;7,35;7,78;11,39;13,42;14,3
91;03/03/2026;TINTO;TEMPRANILLO ;2021;cuartil_1;1;1;1;1;3;3;2;3;1;1;1;1;1;1;1;1;1;1;1;6;5;5;4;5;5
92;03/03/2026;TINTO;TEMPRANILLO ;2021;cuartil_3;2,5;1;1,5;2;4;3;3;3,5;1;1;1;1;1;1;1;1;1;1;1;6;5;5;4,5;5,5;6
93;03/03/2026;TINTO;TEMPRANILLO ;2021;iqr;1,5;0;0,5;1;1;0;1;0,5;0;0;0;0;0;0;0;0;0;0;0;0;0;0;0,5;0,5;1
94;03/03/2026;TINTO;TEMPRANILLO ;2021;num_catadores;7;7;7;7;7;7;7;7;7;7;7;7;7;7;7;7;7;7;7;7;7;7;7;7;7
95;03/03/2026;TINTO;TEMPRANILLO ;2021;raiz_datos;2,65;2,65;2,65;2,65;2,65;2,65;2,65;2,65;2,65;2,65;2,65;2,65;2,65;2,65;2,65;2,65;2,65;2,65;2,65;2,65;2,65;2,65;2,65;2,65;2,65
96;03/03/2026;TINTO;TEMPRANILLO ;2021;desv_tipo_solida;0,52;0;0,17;0,35;0,35;0;0,35;0,17;0;0;0;0;0;0;0;0;0;0;0;0;0;0;0,17;0,17;0,35
97;03/03/2026;TINTO;TEMPRANILLO ;2021;coef_var_robusto;26,25;-999;-999;-999;11,67;0;11,67;5,83;-999;-999;-999;-999;-999;-999;-999;-999;-999;-999;-999;0;0;0;4,37;3,5;7
98;03/03/2026;TINTO;TEMPRANILLO ;2021;incertidumbre;0,78;0,39;0,39;0,39;1,18;1,18;1,18;1,18;0,39;0,39;0,39;0,39;0,39;0,39;0,39;0,39;0,39;0,39;0,39;2,35;1,96;1,96;1,57;1,96;1,96
99;03/03/2026;TINTO;TEMPRANILLO ;2023;mediana;4;1;1;1;1;1;1;2;1;1;1;1;1;1;1;1;1;1;1;6;4;4;4;5;5
100;03/03/2026;TINTO;TEMPRANILLO ;2023;minimo;3;1;1;1;1;1;1;1;1;1;1;1;1;1;1;1;1;1;1;5;3;3;4;4;4
101;03/03/2026;TINTO;TEMPRANILLO ;2023;maximo;5;1;2;2;3;3;3;3;1;1;1;1;1;2;1;1;1;2;1;6;5;5;5;5;5
102;03/03/2026;TINTO;TEMPRANILLO ;2023;media;3,86;1;1,14;1,14;1,57;1,57;1,43;1,71;1;1;1;1;1;1,14;1;1;1;1,14;1;5,86;3,86;3,86;4,29;4,86;4,86
103;03/03/2026;TINTO;TEMPRANILLO ;2023;desvest;0,69;0;0,38;0,38;0,79;0,79;0,79;0,76;0;0;0;0;0;0,38;0;0;0;0,38;0;0,38;0,69;0,69;0,49;0,38;0,38
104;03/03/2026;TINTO;TEMPRANILLO ;2023;c_v;17,89;0;33,07;33,07;50,07;50,07;55,08;44,1;0;0;0;0;0;33,07;0;0;0;33,07;0;6,45;17,89;17,89;11,39;7,78;7,78
105;03/03/2026;TINTO;TEMPRANILLO ;2023;cuartil_1;3,5;1;1;1;1;1;1;1;1;1;1;1;1;1;1;1;1;1;1;6;3,5;3,5;4;5;5
106;03/03/2026;TINTO;TEMPRANILLO ;2023;cuartil_3;4;1;1;1;2;2;1,5;2;1;1;1;1;1;1;1;1;1;1;1;6;4;4;4,5;5;5
107;03/03/2026;TINTO;TEMPRANILLO ;2023;iqr;0,5;0;0;0;1;1;0,5;1;0;0;0;0;0;0;0;0;0;0;0;0;0,5;0,5;0,5;0;0
108;03/03/2026;TINTO;TEMPRANILLO ;2023;num_catadores;7;7;7;7;7;7;7;7;7;7;7;7;7;7;7;7;7;7;7;7;7;7;7;7;7
109;03/03/2026;TINTO;TEMPRANILLO ;2023;raiz_datos;2,65;2,65;2,65;2,65;2,65;2,65;2,65;2,65;2,65;2,65;2,65;2,65;2,65;2,65;2,65;2,65;2,65;2,65;2,65;2,65;2,65;2,65;2,65;2,65;2,65
110;03/03/2026;TINTO;TEMPRANILLO ;2023;desv_tipo_solida;0,17;0;0;0;0,35;0,35;0,17;0,35;0;0;0;0;0;0;0;0;0;0;0;0;0,17;0,17;0,17;0;0
111;03/03/2026;TINTO;TEMPRANILLO ;2023;coef_var_robusto;4,37;-999;-999;-999;-999;-999;-999;17,5;-999;-999;-999;-999;-999;-999;-999;-999;-999;-999;-999;0;4,37;4,37;4,37;0;0
112;03/03/2026;TINTO;TEMPRANILLO ;2023;incertidumbre;1,57;0,39;0,39;0,39;0,39;0,39;0,39;0,78;0,39;0,39;0,39;0,39;0,39;0,39;0,39;0,39;0,39;0,39;0,39;2,35;1,57;1,57;1,57;1,96;1,96
113;03/03/2026;TINTO;TEMPRANILLO ;2021;mediana;3;1;1;1;2;1;1;2;1;1;1;1;1;1;1;1;1;1;1;6;4;4;4;5;5
114;03/03/2026;TINTO;TEMPRANILLO ;2021;minimo;2;1;1;1;1;1;1;1;1;1;1;1;1;1;1;1;1;1;1;5;3;4;4;4;4
115;03/03/2026;TINTO;TEMPRANILLO ;2021;maximo;4;1;1;2;3;3;3;3;1;1;1;1;1;1;1;1;1;1;1;6;4;5;5;5;5
116;03/03/2026;TINTO;TEMPRANILLO ;2021;media;3,14;1;1;1,14;1,71;1,57;1,57;2;1;1;1;1;1;1;1;1;1;1;1;5,86;3,86;4,43;4,29;4,86;4,86
117;03/03/2026;TINTO;TEMPRANILLO ;2021;desvest;0,9;0;0;0,38;0,76;0,79;0,79;0,82;0;0;0;0;0;0;0;0;0;0;0;0,38;0,38;0,53;0,49;0,38;0,38
118;03/03/2026;TINTO;TEMPRANILLO ;2021;c_v;28,63;0;0;33,07;44,1;50,07;50,07;40,82;0;0;0;0;0;0;0;0;0;0;0;6,45;9,8;12,07;11,39;7,78;7,78
119;03/03/2026;TINTO;TEMPRANILLO ;2021;cuartil_1;2,5;1;1;1;1;1;1;1,5;1;1;1;1;1;1;1;1;1;1;1;6;4;4;4;5;5
120;03/03/2026;TINTO;TEMPRANILLO ;2021;cuartil_3;4;1;1;1;2;2;2;2,5;1;1;1;1;1;1;1;1;1;1;1;6;4;5;4,5;5;5
121;03/03/2026;TINTO;TEMPRANILLO ;2021;iqr;1,5;0;0;0;1;1;1;1;0;0;0;0;0;0;0;0;0;0;0;0;0;1;0,5;0;0
122;03/03/2026;TINTO;TEMPRANILLO ;2021;num_catadores;7;7;7;7;7;7;7;7;7;7;7;7;7;7;7;7;7;7;7;7;7;7;7;7;7
123;03/03/2026;TINTO;TEMPRANILLO ;2021;raiz_datos;2,65;2,65;2,65;2,65;2,65;2,65;2,65;2,65;2,65;2,65;2,65;2,65;2,65;2,65;2,65;2,65;2,65;2,65;2,65;2,65;2,65;2,65;2,65;2,65;2,65
124;03/03/2026;TINTO;TEMPRANILLO ;2021;desv_tipo_solida;0,52;0;0;0;0,35;0,35;0,35;0,35;0;0;0;0;0;0;0;0;0;0;0;0;0;0,35;0,17;0;0
125;03/03/2026;TINTO;TEMPRANILLO ;2021;coef_var_robusto;17,5;-999;-999;-999;17,5;-999;-999;17,5;-999;-999;-999;-999;-999;-999;-999;-999;-999;-999;-999;0;0;8,75;4,37;0;0
126;03/03/2026;TINTO;TEMPRANILLO ;2021;incertidumbre;1,18;0,39;0,39;0,39;0,78;0,39;0,39;0,78;0,39;0,39;0,39;0,39;0,39;0,39;0,39;0,39;0,39;0,39;0,39;2,35;1,57;1,57;1,57;1,96;1,96
127;17/03/2026;TINTO;TEMPRANILLO, SYRAH, MERLOT ;2020;mediana;2;1;1;1;3;3;2;3;1;1;1;1;1;1;1;1;1;1;1;6;5;4;4;5;5
128;17/03/2026;TINTO;TEMPRANILLO, SYRAH, MERLOT ;2020;minimo;1;1;1;1;2;2;2;2;1;1;1;1;1;1;1;1;1;1;1;5;5;4;4;4;4
129;17/03/2026;TINTO;TEMPRANILLO, SYRAH, MERLOT ;2020;maximo;3;1;2;2;4;4;4;3;1;1;1;1;1;2;1;1;1;1;1;6;5;5;6;5;5
130;17/03/2026;TINTO;TEMPRANILLO, SYRAH, MERLOT ;2020;media;1,86;1;1,29;1,29;3,14;2,71;2,57;2,71;1;1;1;1;1;1,14;1;1;1;1;1;5,86;5;4,29;4,43;4,71;4,86
131;17/03/2026;TINTO;TEMPRANILLO, SYRAH, MERLOT ;2020;desvest;0,69;0;0,49;0,49;0,69;0,76;0,79;0,49;0;0;0;0;0;0,38;0;0;0;0;0;0,38;0;0,49;0,79;0,49;0,38
132;17/03/2026;TINTO;TEMPRANILLO, SYRAH, MERLOT ;2020;c_v;37,16;0;37,95;37,95;21,96;27,85;30,6;17,98;0;0;0;0;0;33,07;0;0;0;0;0;6,45;0;11,39;17,77;10,35;7,78
133;17/03/2026;TINTO;TEMPRANILLO, SYRAH, MERLOT ;2020;cuartil_1;1,5;1;1;1;3;2;2;2,5;1;1;1;1;1;1;1;1;1;1;1;6;5;4;4;4,5;5
134;17/03/2026;TINTO;TEMPRANILLO, SYRAH, MERLOT ;2020;cuartil_3;2;1;1,5;1,5;3,5;3;3;3;1;1;1;1;1;1;1;1;1;1;1;6;5;4,5;4,5;5;5
135;17/03/2026;TINTO;TEMPRANILLO, SYRAH, MERLOT ;2020;iqr;0,5;0;0,5;0,5;0,5;1;1;0,5;0;0;0;0;0;0;0;0;0;0;0;0;0;0,5;0,5;0,5;0
136;17/03/2026;TINTO;TEMPRANILLO, SYRAH, MERLOT ;2020;num_catadores;7;7;7;7;7;7;7;7;7;7;7;7;7;7;7;7;7;7;7;7;7;7;7;7;7
137;17/03/2026;TINTO;TEMPRANILLO, SYRAH, MERLOT ;2020;raiz_datos;2,65;2,65;2,65;2,65;2,65;2,65;2,65;2,65;2,65;2,65;2,65;2,65;2,65;2,65;2,65;2,65;2,65;2,65;2,65;2,65;2,65;2,65;2,65;2,65;2,65
138;17/03/2026;TINTO;TEMPRANILLO, SYRAH, MERLOT ;2020;desv_tipo_solida;0,17;0;0,17;0,17;0,17;0,35;0,35;0,17;0;0;0;0;0;0;0;0;0;0;0;0;0;0,17;0,17;0,17;0
139;17/03/2026;TINTO;TEMPRANILLO, SYRAH, MERLOT ;2020;coef_var_robusto;8,75;-999;-999;-999;5,83;11,67;17,5;5,83;-999;-999;-999;-999;-999;-999;-999;-999;-999;-999;-999;0;0;4,37;4,37;3,5;0
140;17/03/2026;TINTO;TEMPRANILLO, SYRAH, MERLOT ;2020;incertidumbre;0,78;0,39;0,39;0,39;1,18;1,18;0,78;1,18;0,39;0,39;0,39;0,39;0,39;0,39;0,39;0,39;0,39;0,39;0,39;2,35;1,96;1,57;1,57;1,96;1,96
141;17/03/2026;TINTO;TEMPRANILLO ;2022;mediana;3;1;1;1;1;1;1;2;1;1;1;1;1;1;1;1;1;1;1;6;4;4;4;5;5
142;17/03/2026;TINTO;TEMPRANILLO ;2022;minimo;2;1;1;1;1;1;1;1;1;1;1;1;1;1;1;1;1;1;1;5;3;4;4;4;4
143;17/03/2026;TINTO;TEMPRANILLO ;2022;maximo;4;1;2;2;3;3;3;4;1;1;1;1;1;2;1;1;1;1;1;6;5;5;5;5;6
144;17/03/2026;TINTO;TEMPRANILLO ;2022;media;3,14;1;1,14;1,29;1,71;1,57;1,57;2;1;1;1;1;1;1,14;1;1;1;1;1;5,86;3,86;4,29;4,29;4,86;5
145;17/03/2026;TINTO;TEMPRANILLO ;2022;desvest;0,9;0;0,38;0,49;0,95;0,79;0,79;1,15;0;0;0;0;0;0,38;0;0;0;0;0;0,38;0,9;0,49;0,49;0,38;0,58
146;17/03/2026;TINTO;TEMPRANILLO ;2022;c_v;28,63;0;33,07;37,95;55,49;50,07;50,07;57,74;0;0;0;0;0;33,07;0;0;0;0;0;6,45;23,33;11,39;11,39;7,78;11,55
147;17/03/2026;TINTO;TEMPRANILLO ;2022;cuartil_1;2,5;1;1;1;1;1;1;1;1;1;1;1;1;1;1;1;1;1;1;6;3;4;4;5;5
148;17/03/2026;TINTO;TEMPRANILLO ;2022;cuartil_3;4;1;1;1,5;2,5;2;2;2,5;1;1;1;1;1;1;1;1;1;1;1;6;4,5;4,5;4,5;5;5
149;17/03/2026;TINTO;TEMPRANILLO ;2022;iqr;1,5;0;0;0,5;1,5;1;1;1,5;0;0;0;0;0;0;0;0;0;0;0;0;1,5;0,5;0,5;0;0
150;17/03/2026;TINTO;TEMPRANILLO ;2022;num_catadores;7;7;7;7;7;7;7;7;7;7;7;7;7;7;7;7;7;7;7;7;7;7;7;7;7
151;17/03/2026;TINTO;TEMPRANILLO ;2022;raiz_datos;2,65;2,65;2,65;2,65;2,65;2,65;2,65;2,65;2,65;2,65;2,65;2,65;2,65;2,65;2,65;2,65;2,65;2,65;2,65;2,65;2,65;2,65;2,65;2,65;2,65
152;17/03/2026;TINTO;TEMPRANILLO ;2022;desv_tipo_solida;0,52;0;0;0,17;0,52;0,35;0,35;0,52;0;0;0;0;0;0;0;0;0;0;0;0;0,52;0,17;0,17;0;0
153;17/03/2026;TINTO;TEMPRANILLO ;2022;coef_var_robusto;17,5;-999;-999;-999;-999;-999;-999;26,25;-999;-999;-999;-999;-999;-999;-999;-999;-999;-999;-999;0;13,12;4,37;4,37;0;0
154;17/03/2026;TINTO;TEMPRANILLO ;2022;incertidumbre;1,18;0,39;0,39;0,39;0,39;0,39;0,39;0,78;0,39;0,39;0,39;0,39;0,39;0,39;0,39;0,39;0,39;0,39;0,39;2,35;1,57;1,57;1,57;1,96;1,96
155;17/02/2026;TINTO;TEMPRANILLO ECO;2021;mediana;1;1;1;1;1;1;1;1;1;1;1;1;1;1;3;3;1;1;1;5;6;4;4;4;1
156;17/02/2026;TINTO;TEMPRANILLO ECO;2021;minimo;1;1;1;1;1;1;1;1;1;1;1;1;1;1;1;1;1;1;1;4;5;3;3;2;1
157;17/02/2026;TINTO;TEMPRANILLO ECO;2021;maximo;2;1;1;2;2;1;1;1;1;1;1;1;1;1;4;4;1;1;1;6;7;5;5;5;3
158;17/02/2026;TINTO;TEMPRANILLO ECO;2021;media;0;0;0;0;0;0;0;0;0;0;0;0;0;0;2;2;0;0;0;4;5;3;3;3;0
159;17/02/2026;TINTO;TEMPRANILLO ECO;2021;desvest;2;2;2;2;2;2;2;2;2;2;2;2;2;2;4;4;2;2;2;6;7;5;5;5;2
160;17/02/2026;TINTO;TEMPRANILLO ECO;2021;c_v;1,14;1;1;1,14;1,14;1;1;1;1;1;1;1;1;1;2,86;2,86;1;1;1;4,86;6,14;4,14;4,14;3,57;1,29
161;17/02/2026;TINTO;TEMPRANILLO ECO;2021;cuartil_5;0,38;0;0;0,38;0,38;0;0;0;0;0;0;0;0;0;1,07;1,21;0;0;0;0,69;0,69;0,9;0,9;0,98;0,76
162;17/02/2026;TINTO;TEMPRANILLO ECO;2021;cuartil_7;33,07;0;0;33,07;33,07;0;0;0;0;0;0;0;0;0;37,42;42,52;0;0;0;14,21;11,23;21,72;21,72;27,33;58,79
163;17/02/2026;TINTO;TEMPRANILLO ECO;2021;iqr;1;1;1;1;1;1;1;1;1;1;1;1;1;1;2,5;2;1;1;1;4,5;6;3,5;3,5;3;1
164;17/02/2026;TINTO;TEMPRANILLO ECO;2021;num_catadores;1;1;1;1;1;1;1;1;1;1;1;1;1;1;3,5;4;1;1;1;5;6,5;5;5;4;1
165;17/02/2026;TINTO;TEMPRANILLO ECO;2021;raiz_datos;0;0;0;0;0;0;0;0;0;0;0;0;0;0;1;2;0;0;0;0,5;0,5;1,5;1,5;1;0
166;17/02/2026;TINTO;TEMPRANILLO ECO;2021;desv_tipo_solida;7;7;7;7;7;7;7;7;7;7;7;7;7;7;7;7;7;7;7;7;7;7;7;7;7
167;17/02/2026;TINTO;TEMPRANILLO ECO;2021;coef_var_robusto;2,65;2,65;2,65;2,65;2,65;2,65;2,65;2,65;2,65;2,65;2,65;2,65;2,65;2,65;2,65;2,65;2,65;2,65;2,65;2,65;2,65;2,65;2,65;2,65;2,65
168;17/02/2026;TINTO;TEMPRANILLO ECO;2021;incertidumbre;0;0;0;0;0;0;0;0;0;0;0;0;0;0;0,35;0,7;0;0;0;0,17;0,17;0,52;0,52;0,35;0
169;17/02/2026;TINTO;TEMPRANILLO ECO;2021;mediana;-999;-999;-999;-999;-999;-999;-999;-999;-999;-999;-999;-999;-999;-999;11,67;23,33;-999;-999;-999;3,5;2,92;13,12;13,12;8,75;-999
170;17/02/2026;TINTO;TEMPRANILLO ECO;2021;minimo;0,39;0,39;0,39;0,39;0,39;0,39;0,39;0,39;0,39;0,39;0,39;0,39;0,39;0,39;1,18;1,18;0,39;0,39;0,39;1,96;2,35;1,57;1,57;1,57;0,39
171;17/02/2026;TINTO;TEMPRANILLO ECO;2024;maximo;4;1;1;1;1;1;1;1;1;1;1;1;1;1;1;1;1;1;1;6;4;4;5;5;5
172;17/02/2026;TINTO;TEMPRANILLO ECO;2024;media;2;1;1;1;1;1;1;1;1;1;1;1;1;1;1;1;1;1;1;5;3;3;3;4;5
173;17/02/2026;TINTO;TEMPRANILLO ECO;2024;desvest;5;1;3;1;1;1;1;1;1;3;1;1;1;1;2;1;2;1;1;6;5;5;5;5;5
174;17/02/2026;TINTO;TEMPRANILLO ECO;2024;c_v;3;0;0;0;0;0;0;0;0;0;0;0;0;0;0;0;0;0;0;5;3;3;4;4;4
175;17/02/2026;TINTO;TEMPRANILLO ECO;2024;cuartil_9;5;2;2;2;2;2;2;2;2;2;2;2;2;2;2;2;2;2;2;7;5;5;6;6;6
176;17/02/2026;TINTO;TEMPRANILLO ECO;2024;cuartil_11;3,86;1;1,29;1;1;1;1;1;1;1,43;1;1;1;1;1,14;1;1,14;1;1;5,57;3,71;3,86;4,43;4,57;5
177;17/02/2026;TINTO;TEMPRANILLO ECO;2024;iqr;1,07;0;0,76;0;0;0;0;0;0;0,79;0;0;0;0;0,38;0;0,38;0;0;0,53;0,76;0,69;0,79;0,53;0
178;17/02/2026;TINTO;TEMPRANILLO ECO;2024;num_catadores;27,72;0;58,79;0;0;0;0;0;0;55,08;0;0;0;0;33,07;0;33,07;0;0;9,59;20,35;17,89;17,77;11,69;0
179;17/02/2026;TINTO;TEMPRANILLO ECO;2024;raiz_datos;3,5;1;1;1;1;1;1;1;1;1;1;1;1;1;1;1;1;1;1;5;3;3,5;4;4;5
180;17/02/2026;TINTO;TEMPRANILLO ECO;2024;desv_tipo_solida;4,5;1;1;1;1;1;1;1;1;1,5;1;1;1;1;1;1;1;1;1;6;4;4;5;5;5
181;17/02/2026;TINTO;TEMPRANILLO ECO;2024;coef_var_robusto;1;0;0;0;0;0;0;0;0;0,5;0;0;0;0;0;0;0;0;0;1;1;0,5;1;1;0
182;17/02/2026;TINTO;TEMPRANILLO ECO;2024;incertidumbre;7;7;7;7;7;7;7;7;7;7;7;7;7;7;7;7;7;7;7;7;7;7;7;7;7
183;17/02/2026;TINTO;TEMPRANILLO ECO;2024;mediana;2,65;2,65;2,65;2,65;2,65;2,65;2,65;2,65;2,65;2,65;2,65;2,65;2,65;2,65;2,65;2,65;2,65;2,65;2,65;2,65;2,65;2,65;2,65;2,65;2,65
184;17/02/2026;TINTO;TEMPRANILLO ECO;2024;minimo;0,35;0;0;0;0;0;0;0;0;0,17;0;0;0;0;0;0;0;0;0;0,35;0,35;0,17;0,35;0,35;0
185;17/02/2026;TINTO;TEMPRANILLO ECO;2024;maximo;8,75;-999;-999;-999;-999;-999;-999;-999;-999;-999;-999;-999;-999;-999;-999;-999;-999;-999;-999;5,83;8,75;4,37;7;7;0
186;17/02/2026;TINTO;TEMPRANILLO ECO;2024;media;1,57;0,39;0,39;0,39;0,39;0,39;0,39;0,39;0,39;0,39;0,39;0,39;0,39;0,39;0,39;0,39;0,39;0,39;0,39;2,35;1,57;1,57;1,96;1,96;1,96
187;17/02/2026;TINTO;TEMPRANILLO;2023;desvest;4;1;1;1;1;1;1;1;1;1;1;1;1;1;1;1;1;1;1;6;4;4;5;5;5
188;17/02/2026;TINTO;TEMPRANILLO;2023;c_v;1;1;1;1;1;1;1;1;1;1;1;1;1;1;1;1;1;1;1;4;3;3;3;3;1
189;17/02/2026;TINTO;TEMPRANILLO;2023;cuartil_13;6;1;1;2;1;2;1;1;1;1;1;1;1;1;1;1;4;2;1;6;4;5;5;6;6
190;17/02/2026;TINTO;TEMPRANILLO;2023;cuartil_15;3;0;0;0;0;0;0;0;0;0;0;0;0;0;0;0;0;0;0;5;3;3;4;4;4
191;17/02/2026;TINTO;TEMPRANILLO;2023;iqr;5;2;2;2;2;2;2;2;2;2;2;2;2;2;2;2;2;2;2;7;5;5;6;6;6
192;17/02/2026;TINTO;TEMPRANILLO;2023;num_catadores;3,71;1;1;1,14;1;1,14;1;1;1;1;1;1;1;1;1;1;1,43;1,14;1;5,57;3,57;4;4,43;4,86;4,57
193;17/02/2026;TINTO;TEMPRANILLO;2023;raiz_datos;1,6;0;0;0,38;0;0,38;0;0;0;0;0;0;0;0;0;0;1,13;0,38;0;0,79;0,53;0,58;0,79;0,9;1,72
194;17/02/2026;TINTO;TEMPRANILLO;2023;desv_tipo_solida;43,17;0;0;33,07;0;33,07;0;0;0;0;0;0;0;0;0;0;79,37;33,07;0;14,12;14,97;14,43;17,77;18,52;37,59
195;17/02/2026;TINTO;TEMPRANILLO;2023;coef_var_robusto;3;1;1;1;1;1;1;1;1;1;1;1;1;1;1;1;1;1;1;5,5;3;4;4;5;4,5
196;17/02/2026;TINTO;TEMPRANILLO;2023;incertidumbre;4,5;1;1;1;1;1;1;1;1;1;1;1;1;1;1;1;1;1;1;6;4;4;5;5;5,5
197;17/02/2026;TINTO;TEMPRANILLO;2023;mediana;1,5;0;0;0;0;0;0;0;0;0;0;0;0;0;0;0;0;0;0;0,5;1;0;1;0;1
198;17/02/2026;TINTO;TEMPRANILLO;2023;minimo;7;7;7;7;7;7;7;7;7;7;7;7;7;7;7;7;7;7;7;7;7;7;7;7;7
199;17/02/2026;TINTO;TEMPRANILLO;2023;maximo;2,65;2,65;2,65;2,65;2,65;2,65;2,65;2,65;2,65;2,65;2,65;2,65;2,65;2,65;2,65;2,65;2,65;2,65;2,65;2,65;2,65;2,65;2,65;2,65;2,65
200;17/02/2026;TINTO;TEMPRANILLO;2023;media;0,52;0;0;0;0;0;0;0;0;0;0;0;0;0;0;0;0;0;0;0,17;0,35;0;0,35;0;0,35
201;17/02/2026;TINTO;TEMPRANILLO;2023;desvest;13,12;-999;-999;-999;-999;-999;-999;-999;-999;-999;-999;-999;-999;-999;-999;-999;-999;-999;-999;2,92;8,75;0;7;0;7
202;17/02/2026;TINTO;TEMPRANILLO;2023;c_v;1,57;0,39;0,39;0,39;0,39;0,39;0,39;0,39;0,39;0,39;0,39;0,39;0,39;0,39;0,39;0,39;0,39;0,39;0,39;2,35;1,57;1,57;1,96;1,96;1,96
203;17/02/2026;TINTO;TEMPRANILLO ECO;2024;cuartil_17;4;1;1;1;1;1;1;1;1;1;1;1;1;1;1;1;1;1;1;6;4;4;5;5;5
204;17/02/2026;TINTO;TEMPRANILLO ECO;2024;cuartil_19;3;1;1;1;1;1;1;1;1;1;1;1;1;1;1;1;1;1;1;5;2;4;4;4;4
205;17/02/2026;TINTO;TEMPRANILLO ECO;2024;iqr;4;1;2;1;3;2;2;2;1;2;1;1;1;1;1;1;3;1;1;6;5;5;5;5;5
206;17/02/2026;TINTO;TEMPRANILLO ECO;2024;num_catadores;3;0;0;0;0;0;0;0;0;0;0;0;0;0;0;0;0;0;0;5;3;3;4;4;4
207;17/02/2026;TINTO;TEMPRANILLO ECO;2024;raiz_datos;5;2;2;2;2;2;2;2;2;2;2;2;2;2;2;2;2;2;2;7;5;5;6;6;6
208;17/02/2026;TINTO;TEMPRANILLO ECO;2024;desv_tipo_solida;3,71;1;1,14;1;1,43;1,29;1,29;1,14;1;1,14;1;1;1;1;1;1;1,29;1;1;5,57;3,71;4,29;4,71;4,71;4,86
209;17/02/2026;TINTO;TEMPRANILLO ECO;2024;coef_var_robusto;0,49;0;0,38;0;0,79;0,49;0,49;0,38;0;0,38;0;0;0;0;0;0;0,76;0;0;0,53;0,95;0,49;0,49;0,49;0,38
210;17/02/2026;TINTO;TEMPRANILLO ECO;2024;incertidumbre;13,14;0;33,07;0;55,08;37,95;37,95;33,07;0;33,07;0;0;0;0;0;0;58,79;0;0;9,59;25,61;11,39;10,35;10,35;7,78
211;17/02/2026;TINTO;TEMPRANILLO ECO;2024;mediana;3,5;1;1;1;1;1;1;1;1;1;1;1;1;1;1;1;1;1;1;5;3,5;4;4,5;4,5;5
212;17/02/2026;TINTO;TEMPRANILLO ECO;2024;minimo;4;1;1;1;1,5;1,5;1,5;1;1;1;1;1;1;1;1;1;1;1;1;6;4;4,5;5;5;5
213;17/02/2026;TINTO;TEMPRANILLO ECO;2024;maximo;0,5;0;0;0;0,5;0,5;0,5;0;0;0;0;0;0;0;0;0;0;0;0;1;0,5;0,5;0,5;0,5;0
214;17/02/2026;TINTO;TEMPRANILLO ECO;2024;media;7;7;7;7;7;7;7;7;7;7;7;7;7;7;7;7;7;7;7;7;7;7;7;7;7
215;17/02/2026;TINTO;TEMPRANILLO ECO;2024;desvest;2,65;2,65;2,65;2,65;2,65;2,65;2,65;2,65;2,65;2,65;2,65;2,65;2,65;2,65;2,65;2,65;2,65;2,65;2,65;2,65;2,65;2,65;2,65;2,65;2,65
216;17/02/2026;TINTO;TEMPRANILLO ECO;2024;c_v;0,17;0;0;0;0,17;0,17;0,17;0;0;0;0;0;0;0;0;0;0;0;0;0,35;0,17;0,17;0,17;0,17;0
217;17/02/2026;TINTO;TEMPRANILLO ECO;2024;cuartil_21;4,37;-999;-999;-999;-999;-999;-999;-999;-999;-999;-999;-999;-999;-999;-999;-999;-999;-999;-999;5,83;4,37;4,37;3,5;3,5;0
218;17/02/2026;TINTO;TEMPRANILLO ECO;2024;cuartil_23;1,57;0,39;0,39;0,39;0,39;0,39;0,39;0,39;0,39;0,39;0,39;0,39;0,39;0,39;0,39;0,39;0,39;0,39;0,39;2,35;1,57;1,57;1,96;1,96;1,96
219;17/02/2026;TINTO;TEMPRANILLO;2024;iqr;4;1;1;1;1;1;1;1;1;1;1;1;1;1;1;1;1;1;1;6;4;4;5;5;5
220;17/02/2026;TINTO;TEMPRANILLO;2024;num_catadores;3;1;1;1;1;1;1;1;1;1;1;1;1;1;1;1;1;1;1;5;3;3;4;4;5
221;17/02/2026;TINTO;TEMPRANILLO;2024;raiz_datos;4;2;2;2;3;3;3;2;1;2;1;1;1;1;1;1;2;1;1;6;6;4;5;5;5
222;17/02/2026;TINTO;TEMPRANILLO;2024;desv_tipo_solida;3;0;0;0;0;0;0;0;0;0;0;0;0;0;0;0;0;0;0;5;3;3;4;4;4
223;17/02/2026;TINTO;TEMPRANILLO;2024;coef_var_robusto;5;2;2;2;2;2;2;2;2;2;2;2;2;2;2;2;2;2;2;7;5;5;6;6;6
224;17/02/2026;TINTO;TEMPRANILLO;2024;incertidumbre;3,57;1,29;1,29;1,43;1,43;1,43;1,43;1,14;1;1,43;1;1;1;1;1;1;1,14;1;1;5,57;4,29;3,71;4,57;4,86;5
225;17/02/2026;TINTO;TEMPRANILLO;2024;mediana;0,53;0,49;0,49;0,53;0,79;0,79;0,79;0,38;0;0,53;0;0;0;0;0;0;0,38;0;0;0,53;1,11;0,49;0,53;0,38;0
226;17/02/2026;TINTO;TEMPRANILLO;2024;minimo;14,97;37,95;37,95;37,42;55,08;55,08;55,08;33,07;0;37,42;0;0;0;0;0;0;33,07;0;0;9,59;25,96;13,14;11,69;7,78;0
227;17/02/2026;TINTO;TEMPRANILLO;2024;maximo;3;1;1;1;1;1;1;1;1;1;1;1;1;1;1;1;1;1;1;5;3,5;3,5;4;5;5
228;17/02/2026;TINTO;TEMPRANILLO;2024;media;4;1,5;1,5;2;1,5;1,5;1,5;1;1;2;1;1;1;1;1;1;1;1;1;6;5;4;5;5;5
229;17/02/2026;TINTO;TEMPRANILLO;2024;desvest;1;0,5;0,5;1;0,5;0,5;0,5;0;0;1;0;0;0;0;0;0;0;0;0;1;1,5;0,5;1;0;0
230;17/02/2026;TINTO;TEMPRANILLO;2024;c_v;7;7;7;7;7;7;7;7;7;7;7;7;7;7;7;7;7;7;7;7;7;7;7;7;7
231;17/02/2026;TINTO;TEMPRANILLO;2024;cuartil_25;2,65;2,65;2,65;2,65;2,65;2,65;2,65;2,65;2,65;2,65;2,65;2,65;2,65;2,65;2,65;2,65;2,65;2,65;2,65;2,65;2,65;2,65;2,65;2,65;2,65
232;17/02/2026;TINTO;TEMPRANILLO;2024;cuartil_27;0,35;0,17;0,17;0,35;0,17;0,17;0,17;0;0;0,35;0;0;0;0;0;0;0;0;0;0,35;0,52;0,17;0,35;0;0
233;17/02/2026;TINTO;TEMPRANILLO;2024;iqr;8,75;-999;-999;-999;-999;-999;-999;-999;-999;-999;-999;-999;-999;-999;-999;-999;-999;-999;-999;5,83;13,12;4,37;7;0;0
234;17/02/2026;TINTO;TEMPRANILLO;2024;num_catadores;1,57;0,39;0,39;0,39;0,39;0,39;0,39;0,39;0,39;0,39;0,39;0,39;0,39;0,39;0,39;0,39;0,39;0,39;0,39;2,35;1,57;1,57;1,96;1,96;1,96
235;17/02/2026;TINTO;SYRAH ;2024;raiz_datos;4;1;1;1;1;1;1;1;1;1;1;1;1;1;1;1;1;1;1;5;2;5;4;5;5
236;17/02/2026;TINTO;SYRAH ;2024;desv_tipo_solida;3;1;1;1;1;1;1;1;1;1;1;1;1;1;1;1;1;1;1;3;1;4;4;4;5
237;17/02/2026;TINTO;SYRAH ;2024;coef_var_robusto;6;1;1;1;3;3;2;2;2;1;1;1;1;1;2;1;1;1;1;6;4;6;6;6;6
238;17/02/2026;TINTO;SYRAH ;2024;incertidumbre;3;0;0;0;0;0;0;0;0;0;0;0;0;0;0;0;0;0;0;4;1;4;3;4;4
239;17/02/2026;TINTO;SYRAH ;2024;mediana;5;2;2;2;2;2;2;2;2;2;2;2;2;2;2;2;2;2;2;6;3;6;5;6;6
240;17/02/2026;TINTO;SYRAH ;2024;minimo;4,29;1;1;1;1,43;1,43;1,14;1,14;1,14;1;1;1;1;1;1,14;1;1;1;1;5;2,29;4,71;4,43;5,14;5,29
241;17/02/2026;TINTO;SYRAH ;2024;maximo;1,25;0;0;0;0,79;0,79;0,38;0,38;0,38;0;0;0;0;0;0,38;0;0;0;0;1,15;1,11;0,76;0,79;0,69;0,49
242;17/02/2026;TINTO;SYRAH ;2024;media;29,25;0;0;0;55,08;55,08;33,07;33,07;33,07;0;0;0;0;0;33,07;0;0;0;0;23,09;48,68;16,03;17,77;13,42;9,23
243;17/02/2026;TINTO;SYRAH ;2024;desvest;3,5;1;1;1;1;1;1;1;1;1;1;1;1;1;1;1;1;1;1;4,5;1,5;4;4;5;5
244;17/02/2026;TINTO;SYRAH ;2024;c_v;5;1;1;1;1,5;1,5;1;1;1;1;1;1;1;1;1;1;1;1;1;6;3;5;4,5;5,5;5,5
245;17/02/2026;TINTO;SYRAH ;2024;cuartil_29;1,5;0;0;0;0,5;0,5;0;0;0;0;0;0;0;0;0;0;0;0;0;1,5;1,5;1;0,5;0,5;0,5
246;17/02/2026;TINTO;SYRAH ;2024;cuartil_31;7;7;7;7;7;7;7;7;7;7;7;7;7;7;7;7;7;7;7;7;7;7;7;7;7
247;17/02/2026;TINTO;SYRAH ;2024;iqr;2,65;2,65;2,65;2,65;2,65;2,65;2,65;2,65;2,65;2,65;2,65;2,65;2,65;2,65;2,65;2,65;2,65;2,65;2,65;2,65;2,65;2,65;2,65;2,65;2,65
248;17/02/2026;TINTO;SYRAH ;2024;num_catadores;0,52;0;0;0;0,17;0,17;0;0;0;0;0;0;0;0;0;0;0;0;0;0,52;0,52;0,35;0,17;0,17;0,17
249;17/02/2026;TINTO;SYRAH ;2024;raiz_datos;13,12;-999;-999;-999;-999;-999;-999;-999;-999;-999;-999;-999;-999;-999;-999;-999;-999;-999;-999;10,5;26,25;7;4,37;3,5;3,5
250;17/02/2026;TINTO;SYRAH ;2024;desv_tipo_solida;1,57;0,39;0,39;0,39;0,39;0,39;0,39;0,39;0,39;0,39;0,39;0,39;0,39;0,39;0,39;0,39;0,39;0,39;0,39;1,96;0,78;1,96;1,57;1,96;1,96
251;17/02/2026;TINTO;TEMPRANILLO ;2024;coef_var_robusto;3;1;1;1;1;1;1;1;1;1;1;1;1;1;1;1;1;2;1;6;2;3;4;5;5
252;17/02/2026;TINTO;TEMPRANILLO ;2024;incertidumbre;2;1;1;1;1;1;1;1;1;1;1;1;1;1;1;1;1;1;1;5;1;2;3;5;1
253;17/02/2026;TINTO;TEMPRANILLO ;2024;mediana;4;2;1;1;1;1;1;1;1;1;1;1;1;1;1;1;1;3;1;6;3;5;5;6;6
254;17/02/2026;TINTO;TEMPRANILLO ;2024;minimo;2;0;0;0;0;0;0;0;0;0;0;0;0;0;0;0;0;1;0;5;1;2;3;4;4
255;17/02/2026;TINTO;TEMPRANILLO ;2024;maximo;4;2;2;2;2;2;2;2;2;2;2;2;2;2;2;2;2;3;2;7;3;4;5;6;6
256;17/02/2026;TINTO;TEMPRANILLO ;2024;media;2,86;1,14;1;1;1;1;1;1;1;1;1;1;1;1;1;1;1;2,14;1;5,57;2,29;3,43;4,29;5,14;4,43
257;17/02/2026;TINTO;TEMPRANILLO ;2024;desvest;0,69;0,38;0;0;0;0;0;0;0;0;0;0;0;0;0;0;0;0,9;0;0,53;0,76;0,98;0,76;0,38;1,62
258;17/02/2026;TINTO;TEMPRANILLO ;2024;c_v;24,15;33,07;0;0;0;0;0;0;0;0;0;0;0;0;0;0;0;41,99;0;9,59;33,07;28,46;17,64;7,35;36,54
259;17/02/2026;TINTO;TEMPRANILLO ;2024;cuartil_33;2,5;1;1;1;1;1;1;1;1;1;1;1;1;1;1;1;1;1,5;1;5;2;3;4;5;4,5
260;17/02/2026;TINTO;TEMPRANILLO ;2024;cuartil_35;3;1;1;1;1;1;1;1;1;1;1;1;1;1;1;1;1;3;1;6;3;4;5;5;5
261;17/02/2026;TINTO;TEMPRANILLO ;2024;iqr;0,5;0;0;0;0;0;0;0;0;0;0;0;0;0;0;0;0;1,5;0;1;1;1;1;0;0,5
262;17/02/2026;TINTO;TEMPRANILLO ;2024;num_catadores;7;7;7;7;7;7;7;7;7;7;7;7;7;7;7;7;7;7;7;7;7;7;7;7;7
263;17/02/2026;TINTO;TEMPRANILLO ;2024;raiz_datos;2,65;2,65;2,65;2,65;2,65;2,65;2,65;2,65;2,65;2,65;2,65;2,65;2,65;2,65;2,65;2,65;2,65;2,65;2,65;2,65;2,65;2,65;2,65;2,65;2,65
264;17/02/2026;TINTO;TEMPRANILLO ;2024;desv_tipo_solida;0,17;0;0;0;0;0;0;0;0;0;0;0;0;0;0;0;0;0,52;0;0,35;0,35;0,35;0,35;0;0,17
265;17/02/2026;TINTO;TEMPRANILLO ;2024;coef_var_robusto;5,83;-999;-999;-999;-999;-999;-999;-999;-999;-999;-999;-999;-999;-999;-999;-999;-999;26,25;-999;5,83;17,5;11,67;8,75;0;3,5
266;17/02/2026;TINTO;TEMPRANILLO ;2024;incertidumbre;1,18;0,39;0,39;0,39;0,39;0,39;0,39;0,39;0,39;0,39;0,39;0,39;0,39;0,39;0,39;0,39;0,39;0,78;0,39;2,35;0,78;1,18;1,57;1,96;1,96
267;17/02/2026;TINTO;TEMPRANILLO ;2024;mediana;4;2;1;1;1;1;1;1;1;1;1;1;1;1;1;1;1;1;1;5;3;5;5;5;5
268;17/02/2026;TINTO;TEMPRANILLO ;2024;minimo;1;1;1;1;1;1;1;1;1;1;1;1;1;1;1;1;1;1;1;4;2;4;4;5;3
269;17/02/2026;TINTO;TEMPRANILLO ;2024;maximo;6;3;1;1;1;1;1;1;1;1;1;1;1;2;1;1;3;1;2;6;4;6;5;6;6
270;17/02/2026;TINTO;TEMPRANILLO ;2024;media;3;1;0;0;0;0;0;0;0;0;0;0;0;0;0;0;0;0;0;4;2;4;4;4;4
271;17/02/2026;TINTO;TEMPRANILLO ;2024;desvest;5;3;2;2;2;2;2;2;2;2;2;2;2;2;2;2;2;2;2;6;4;6;6;6;6
272;17/02/2026;TINTO;TEMPRANILLO ;2024;c_v;3,86;1,71;1;1;1;1;1;1;1;1;1;1;1;1,14;1;1;1,43;1;1,14;5;3;4,86;4,57;5,14;4,71
273;17/02/2026;TINTO;TEMPRANILLO ;2024;cuartil_37;1,68;0,76;0;0;0;0;0;0;0;0;0;0;0;0,38;0;0;0,79;0;0,38;0,82;0,82;0,69;0,53;0,38;0,95
274;17/02/2026;TINTO;TEMPRANILLO ;2024;cuartil_39;43,46;44,1;0;0;0;0;0;0;0;0;0;0;0;33,07;0;0;55,08;0;33,07;16,33;27,22;14,21;11,69;7,35;20,18
275;17/02/2026;TINTO;TEMPRANILLO ;2024;iqr;3;1;1;1;1;1;1;1;1;1;1;1;1;1;1;1;1;1;1;4,5;2,5;4,5;4;5;4,5
276;17/02/2026;TINTO;TEMPRANILLO ;2024;num_catadores;5;2;1;1;1;1;1;1;1;1;1;1;1;1;1;1;1,5;1;1;5,5;3,5;5;5;5;5
277;17/02/2026;TINTO;TEMPRANILLO ;2024;raiz_datos;2;1;0;0;0;0;0;0;0;0;0;0;0;0;0;0;0,5;0;0;1;1;0,5;1;0;0,5
278;17/02/2026;TINTO;TEMPRANILLO ;2024;desv_tipo_solida;7;7;7;7;7;7;7;7;7;7;7;7;7;7;7;7;7;7;7;7;7;7;7;7;7
279;17/02/2026;TINTO;TEMPRANILLO ;2024;coef_var_robusto;2,65;2,65;2,65;2,65;2,65;2,65;2,65;2,65;2,65;2,65;2,65;2,65;2,65;2,65;2,65;2,65;2,65;2,65;2,65;2,65;2,65;2,65;2,65;2,65;2,65
280;17/02/2026;TINTO;TEMPRANILLO ;2024;incertidumbre;0,7;0,35;0;0;0;0;0;0;0;0;0;0;0;0;0;0;0,17;0;0;0,35;0,35;0,17;0,35;0;0,17
281;17/02/2026;TINTO;TEMPRANILLO ;2024;mediana;17,5;17,5;-999;-999;-999;-999;-999;-999;-999;-999;-999;-999;-999;-999;-999;-999;-999;-999;-999;7;11,67;3,5;7;0;3,5
282;17/02/2026;TINTO;TEMPRANILLO ;2024;minimo;1,57;0,78;0,39;0,39;0,39;0,39;0,39;0,39;0,39;0,39;0,39;0,39;0,39;0,39;0,39;0,39;0,39;0,39;0,39;1,96;1,18;1,96;1,96;1,96;1,96
